1.9642999999999999 4.5956999999999999 1
2.2753000000000001 3.8589000000000002 1
2.9781 4.5651000000000002 1
2.9319999999999999 3.5518999999999998 1
3.5771999999999999 2.8559999999999999 1
4.0149999999999997 3.1937000000000002 1
3.3814000000000002 3.4291 1
3.9113000000000002 4.1760999999999999 1
2.7822 4.0430999999999999 1
2.5518000000000001 4.6162000000000001 1
3.3698000000000001 3.9100999999999999 1
3.1048 3.0709 1
1.9181999999999999 4.0533999999999999 1
2.2637999999999998 4.3705999999999996 1
2.6555 3.5007999999999999 1
3.1855000000000002 4.2888000000000002 1
3.6579000000000002 3.8692000000000002 1
3.9113000000000002 3.4291 1
3.6002000000000001 3.1221000000000001 1
3.0356999999999998 3.3165 1
1.5841000000000001 3.3574999999999999 0
2.0103 3.2039 0
1.9527000000000001 2.7843 0
2.2753000000000001 2.7126999999999999 0
2.3098999999999998 2.9584000000000001 0
2.8283 2.6309 0
3.0472999999999999 2.2930999999999999 0
2.4826999999999999 2.0373000000000001 0
2.5057 2.3853 0
1.8721000000000001 2.0577000000000001 0
2.0103 2.3546 0
1.2269000000000001 2.3239000000000001 0
1.8951 2.9174000000000002 0
1.5609999999999999 3.0709 0
1.5495000000000001 2.6922999999999999 0
1.6878 2.4056999999999999 0
1.4919 2.0270999999999999 0
0.96199999999999997 2.6819999999999999 0
1.1693 2.9276 0
0.81220000000000003 2.9992000000000001 0
0.97350000000000003 3.3881000000000001 0
1.25 3.1937000000000002 0
1.3190999999999999 3.5108999999999999 0
2.2292000000000001 2.2010000000000001 0
2.4481999999999999 2.6410999999999998 0
2.7938000000000001 1.9656 0
2.0910000000000002 1.6176999999999999 0
2.5402999999999998 2.8866999999999998 0
0.90439999999999998 3.0198 0
0.76615 2.5899000000000001 0
0.086404999999999996 4.1044999999999998 1
